,recommender_model,unique_name,hits,out of,data_context,accuracy,precision,recall,failures,users on test,users on train,unique_product_count,duration,f1,mae,mse,r2
0,WordVec,_games_v3_t49_p98,11,56,games,0.19642857142857142,1.0,0.19642857142857142,44,100,400,1574,0.4420003890991211,0.3283582089552239,0.8035714285714286,0.8035714285714286,0.0
1,TitleWordVec,_games_v3_t49_p98,0,6,games,0.0,0.0,0.0,94,100,400,1574,0.25299930572509766,0.0,1.0,1.0,0.0
2,KNN Basic,_games_v3_t49_p98,6,52,games,0.11538461538461539,1.0,0.11538461538461539,48,100,400,1574,0.3100008964538574,0.20689655172413793,0.8846153846153846,0.8846153846153846,0.0
3,KNN With Means,_games_v3_t49_p98,6,52,games,0.11538461538461539,1.0,0.11538461538461539,48,100,400,1574,0.30300140380859375,0.20689655172413793,0.8846153846153846,0.8846153846153846,0.0
4,KNN With ZScore,_games_v3_t49_p98,6,52,games,0.11538461538461539,1.0,0.11538461538461539,48,100,400,1574,0.3080010414123535,0.20689655172413793,0.8846153846153846,0.8846153846153846,0.0
5,KNN With Means,_games_v3_t49_p98,6,52,games,0.11538461538461539,1.0,0.11538461538461539,48,100,400,1574,0.3040010929107666,0.20689655172413793,0.8846153846153846,0.8846153846153846,0.0
6,Matrix Basic,_games_v3_t49_p98,9,52,games,0.17307692307692307,1.0,0.17307692307692307,48,100,400,1574,0.3130016326904297,0.29508196721311475,0.8269230769230769,0.8269230769230769,0.0
7,SVD Factorization,_games_v3_t49_p98,8,52,games,0.15384615384615385,1.0,0.15384615384615385,48,100,400,1574,0.31599903106689453,0.26666666666666666,0.8461538461538461,0.8461538461538461,0.0
8,SVD PP Matrix Factorization,_games_v3_t49_p98,8,52,games,0.15384615384615385,1.0,0.15384615384615385,48,100,400,1574,0.37399888038635254,0.26666666666666666,0.8461538461538461,0.8461538461538461,0.0
9,NMF Matrix Factorization,_games_v3_t49_p98,7,52,games,0.1346153846153846,1.0,0.1346153846153846,48,100,400,1574,0.3320126533508301,0.23728813559322035,0.8653846153846154,0.8653846153846154,0.0
10,Slope One Recommender,_games_v3_t49_p98,7,52,games,0.1346153846153846,1.0,0.1346153846153846,48,100,400,1574,0.3079984188079834,0.23728813559322035,0.8653846153846154,0.8653846153846154,0.0
11,Slope One Recommender,_games_v3_t49_p98,9,52,games,0.17307692307692307,1.0,0.17307692307692307,48,100,400,1574,0.3399996757507324,0.29508196721311475,0.8269230769230769,0.8269230769230769,0.0
12,WordVec,_books_v3_t45_p90,1,3,books,0.3333333333333333,1.0,0.3333333333333333,0,3,8,855,0.15790820121765137,0.5,0.6666666666666666,0.6666666666666666,0.0
13,TitleWordVec,_books_v3_t45_p90,1,3,books,0.3333333333333333,1.0,0.3333333333333333,0,3,8,855,0.10752177238464355,0.5,0.6666666666666666,0.6666666666666666,0.0
14,KNN Basic,_books_v3_t45_p90,0,0,books,,0.0,0.0,3,3,8,855,0.05499744415283203,,,,
15,KNN With Means,_books_v3_t45_p90,0,0,books,,0.0,0.0,3,3,8,855,0.056000709533691406,,,,
16,KNN With ZScore,_books_v3_t45_p90,0,0,books,,0.0,0.0,3,3,8,855,0.06800007820129395,,,,
17,KNN With Means,_books_v3_t45_p90,0,0,books,,0.0,0.0,3,3,8,855,0.057000160217285156,,,,
18,Matrix Basic,_books_v3_t45_p90,0,0,books,,0.0,0.0,3,3,8,855,0.05900239944458008,,,,
19,SVD Factorization,_books_v3_t45_p90,0,0,books,,0.0,0.0,3,3,8,855,0.05899834632873535,,,,
20,SVD PP Matrix Factorization,_books_v3_t45_p90,0,0,books,,0.0,0.0,3,3,8,855,0.11600017547607422,,,,
21,NMF Matrix Factorization,_books_v3_t45_p90,0,0,books,,0.0,0.0,3,3,8,855,0.06900143623352051,,,,
22,Slope One Recommender,_books_v3_t45_p90,0,0,books,,0.0,0.0,3,3,8,855,0.059000253677368164,,,,
23,Slope One Recommender,_books_v3_t45_p90,0,0,books,,0.0,0.0,3,3,8,855,0.0839998722076416,,,,
24,WordVec,_movies_v3_t100_p200,1,2,movies,0.5,1.0,0.5,0,2,5,753,0.5159995555877686,0.6666666666666666,0.5,0.5,0.0
25,TitleWordVec,_movies_v3_t100_p200,0,0,movies,,0.0,0.0,2,2,5,753,0.08399653434753418,,,,
26,KNN Basic,_movies_v3_t100_p200,0,0,movies,,0.0,0.0,2,2,5,753,0.02900242805480957,,,,
27,KNN With Means,_movies_v3_t100_p200,0,0,movies,,0.0,0.0,2,2,5,753,0.02999734878540039,,,,
28,KNN With ZScore,_movies_v3_t100_p200,0,0,movies,,0.0,0.0,2,2,5,753,0.048001766204833984,,,,
29,KNN With Means,_movies_v3_t100_p200,0,0,movies,,0.0,0.0,2,2,5,753,0.03300189971923828,,,,
30,Matrix Basic,_movies_v3_t100_p200,0,0,movies,,0.0,0.0,2,2,5,753,0.04199957847595215,,,,
31,SVD Factorization,_movies_v3_t100_p200,0,0,movies,,0.0,0.0,2,2,5,753,0.04100942611694336,,,,
32,SVD PP Matrix Factorization,_movies_v3_t100_p200,0,0,movies,,0.0,0.0,2,2,5,753,0.1589970588684082,,,,
33,NMF Matrix Factorization,_movies_v3_t100_p200,0,0,movies,,0.0,0.0,2,2,5,753,0.06400012969970703,,,,
34,Slope One Recommender,_movies_v3_t100_p200,0,0,movies,,0.0,0.0,2,2,5,753,0.04000067710876465,,,,
35,Slope One Recommender,_movies_v3_t100_p200,0,0,movies,,0.0,0.0,2,2,5,753,0.128997802734375,,,,
